C = 84
-20 -1 0
-20 6 0
-24 1 0
-24 11 0
-32 -1 0
-32 16 0
-28 1 0
-28 16 0
-5 20 24 0
-10 28 0
-15 32 0
-6 20 0
-11 24 0
-16 32 28 0
1 20 32 0
-1 24 28 0
-20 5 0
-24 5 0
-32 15 0
-28 10 0
-21 -2 0
-21 7 0
-25 2 0
-25 12 0
-33 -2 0
-33 17 0
-29 2 0
-29 17 0
-6 21 25 0
-11 29 0
-16 33 0
-7 21 0
-12 25 0
-17 33 29 0
2 21 33 0
-2 25 29 0
-21 6 0
-25 6 0
-33 16 0
-29 11 0
-22 -3 0
-22 8 0
-26 3 0
-26 13 0
-34 -3 0
-34 18 0
-30 3 0
-30 18 0
-7 22 26 0
-12 30 0
-17 34 0
-8 22 0
-13 26 0
-18 34 30 0
3 22 34 0
-3 26 30 0
-22 7 0
-26 7 0
-34 17 0
-30 12 0
-23 -4 0
-23 9 0
-27 4 0
-27 14 0
-35 -4 0
-35 19 0
-31 4 0
-31 19 0
-8 23 27 0
-13 31 0
-18 35 0
-9 23 0
-14 27 0
-19 35 31 0
4 23 35 0
-4 27 31 0
-23 8 0
-27 8 0
-35 18 0
-31 13 0
-10 0
-15 0
-9 0
-14 0